299 298 451 297
449 296 457 442
452 361 593 360
573 295 573 309
573 309 662 310
572 292 663 294
663 294 663 307
663 292 878 295
877 293 1057 295
1059 294 1240 293
1239 292 1260 288
1260 288 1274 278
1274 278 1287 265
1287 265 1298 245
1298 245 1303 223
1302 220 1302 204
1303 202 1329 202
1329 201 1368 201
1455 203 1373 201
1454 201 1518 218
1519 218 1592 251
1592 249 1654 257
1654 255 1815 257
1833 256 1921 255
1816 256 1832 255
1920 254 1988 240
1991 239 2068 216
2067 215 2104 199
2103 197 2144 186
2143 184 2208 182
2208 181 2275 179
2275 179 2276 215
2370 177 2370 216
2369 174 2444 175
2442 173 2573 206
2573 205 2586 237
2585 235 2609 263
2610 262 2649 284
2650 282 2721 285
2721 283 2806 285
2802 285 2944 283
2943 282 2978 278
2978 278 3007 265
3007 265 3026 247
3026 247 3040 217
3040 217 3045 182
3045 180 3044 134
3044 132 3082 130
3082 128 3137 128
2275 213 2143 216
2369 215 2446 219
230 241 368 243
368 243 366 212
366 212 226 208
226 208 230 239
445 240 412 202
592 359 711 485
718 401 767 403
710 485 734 530
774 449 832 451
733 529 748 583
839 491 884 493
889 533 947 533
747 582 750 617
749 616 835 616
833 615 903 635
903 635 965 680
965 680 1006 744
1006 744 1016 784
1022 625 1071 626
1168 770 1224 770
1015 783 1019 819
1019 819 1014 855
1014 856 995 890
995 890 966 918
1252 896 1306 897
1247 966 1196 966
1152 1007 1108 1007
964 918 911 942
1079 1060 1020 1061
908 940 852 945
910 942 851 946
851 946 797 936
983 1110 920 1109
829 1095 776 1091
795 934 748 905
724 1064 682 1060
647 1020 615 1007
581 990 558 989
624 1004 649 1008
748 904 711 853
709 851 690 802
540 944 514 943
548 899 570 899
580 862 590 861
588 860 600 859
690 801 684 748
684 748 683 694
578 851 609 851
681 691 689 660
689 658 706 645
798 935 795 932
864 863 914 864
869 832 825 828
828 801 804 798
881 782 914 783
794 716 827 719
748 681 782 681
559 816 478 810
782 679 817 679
2318 244 2241 309
2317 241 2403 321
2240 306 2191 334
2191 331 2134 341
2134 341 2064 338
2142 215 2016 263
2016 263 1930 283
1930 283 1864 283
2063 338 1966 344
1966 344 1885 372
1883 371 1762 416
1761 416 1689 438
1688 436 1576 456
1575 455 1475 459
1474 456 1352 464
1350 464 1232 453
1232 452 1164 424
1078 422 1018 468
1272 822 1323 823
1164 723 1129 725
1113 680 1082 680
1016 467 974 484
974 484 941 491
940 488 937 465
937 465 970 455
970 455 1009 439
1009 439 1073 408
1073 408 1077 421
1163 422 1156 409
1156 409 1232 432
1233 431 1344 446
1344 446 1483 441
1484 440 1598 432
1598 432 1688 419
0 299 -1 286
-1 286 -50 284
-50 282 -52 264
-52 264 -130 261
-121 234 -119 221
-119 221 -166 218
-121 233 -176 230
-128 260 -218 253
-219 252 -312 250
-177 228 -207 232
-206 231 -238 239
-239 237 -270 250
-166 217 -205 214
-204 214 -236 219
-236 219 -263 230
-263 230 -285 248
-199 190 -184 191
-198 190 -226 188
-248 188 -256 187
-280 186 -285 185
-183 190 -184 194
-184 194 -226 193
-226 193 -225 186
-247 188 -248 191
-248 191 -254 191
-254 191 -256 186
-280 184 -279 190
-279 190 -286 190
-286 190 -285 185
-312 249 -369 247
-326 232 -327 227
-323 221 -323 217
-322 218 -322 210
-322 228 -323 222
-296 222 -296 225
-296 227 -295 220
-295 222 -296 212
-367 245 -434 242
-346 194 -496 188
-433 241 -589 217
-501 187 -612 178
-587 216 -688 200
-608 176 -709 164
-711 161 -835 160
-686 199 -801 180
3136 127 3166 128
3166 128 3208 142
3208 142 3244 165
3244 165 3320 215
3320 215 3345 230
3354 235 3475 302
3350 233 3362 239
3339 226 3354 235
3426 202 3474 196
3473 300 3576 353
3564 255 3630 256
3573 352 3702 411
3702 317 3793 319
3701 410 3843 474
3865 388 3919 387
3841 472 4020 545
3841 469 3827 466
4026 458 4082 459
4018 545 4197 607
4197 606 4262 618
4261 617 4417 637
4415 636 4549 650
4547 648 4636 654
4636 654 4689 647
4687 647 4753 626
4753 624 4815 589
4815 587 4838 609
118 275 475 809
504 1007 354 1038
502 1007 518 1028
518 1028 361 1070
361 1070 355 1037
314 1043 328 1079
327 1079 248 1129
313 1041 229 1077
229 1077 248 1128
117 274 111 298
-68 159 -64 161
-110 159 -64 160
-149 106 -264 102
-892 158 -1024 157
-1024 157 -1027 115
-1030 114 -1085 111
-1085 111 -1086 157
-1086 157 -1218 153
-1218 152 -1342 152
-1342 150 -1346 113
-1346 113 -1395 111
-1395 111 -1393 149
-1393 149 -1444 147
-1445 144 -1445 193
-1445 193 -1333 197
-1500 93 -1496 286
-1496 252 -1260 255
-1259 253 -1062 254
-1335 194 -1063 193
-1065 192 -895 197
-1060 253 -901 251
-892 156 -889 197
-889 197 -895 196
-902 166 -944 168
-944 168 -940 161
-943 169 -936 173
-1137 181 -1086 182
-1086 182 -1098 175
-1086 180 -1095 186
-1166 172 -1053 175
-982 178 -898 173
-902 249 -889 248
-889 248 -886 286
-886 286 -994 288
-1043 273 -911 268
-911 268 -932 260
-910 266 -931 278
-837 159 -835 180
-835 180 -796 180
-836 250 -751 250
-751 250 -754 294
-754 294 -831 294
-831 294 -834 248
-834 293 -841 357
-841 357 -884 403
-884 403 -930 413
-930 413 -964 413
-821 254 -822 281
-822 281 -829 275
-821 281 -814 273
290 163 332 163
289 161 289 159
291 158 331 157
332 157 331 162
259 129 259 133
259 133 221 133
221 133 220 127
220 126 258 126
282 75 325 76
325 76 324 65
323 65 282 63
282 63 282 71
281 69 282 74
293 113 309 113
-834 292 -831 292
17 144 107 142
118 142 158 144
-26 13 32 11
-194 4 -166 -2
-155 -13 -126 -8
-181 -24 -151 -25
-125 -26 -100 -13
208 54 120 42
136 50 192 53
199 51 227 54
249 52 274 51
269 36 254 9
219 12 179 13
157 24 129 29
86 35 74 49
36 69 34 86
-4 103 3 126
37 115 73 135
10 64 0 15
-24 0 -31 -3
-2 -5 69 -14
44 9 127 -8
130 -39 157 -19
-54 18 -39 72
-61 108 -19 155
-99 53 -45 100
2 230 104 212
145 177 196 240
192 182 237 166
221 188 246 187
264 191 284 189
299 199 326 197
192 77 216 66
170 81 119 59
61 46 39 25
62 19 100 21
102 37 80 66
61 61 24 41
100 60 108 41
