0 300 300 300 SOLID
0 300 300 300 SOLID
0 300 300 300 SOLID
0 300 300 300 SOLID
0 300 300 300 SOLID
0 300 300 300 SOLID
0 300 300 300 SOLID
0 300 300 300 SOLID
0 300 300 300 SOLID
0 300 300 300 SOLID
0 300 300 300 SOLID
0 300 300 300 SOLID
0 300 300 300 SOLID
299 298 451 297 SOLID
449 296 457 442 SOLID
452 361 593 360 SOLID
573 295 573 309 SOLID
573 309 662 310 SOLID
572 292 663 294 SOLID
663 294 663 307 SOLID
663 292 878 295 SOLID
877 293 1057 295 SOLID
1059 294 1240 293 SOLID
1239 292 1260 288 SOLID
1260 288 1274 278 SOLID
1274 278 1287 265 SOLID
1287 265 1298 245 SOLID
1298 245 1303 223 SOLID
1302 220 1302 204 SOLID
1303 202 1329 202 SOLID
1329 201 1368 201 SOLID
1455 203 1373 201 SOLID
1454 201 1518 218 SOLID
1519 218 1592 251 SOLID
1592 249 1654 257 SOLID
1654 255 1815 257 SOLID
1833 256 1921 255 SOLID
1816 256 1832 255 SOLID
1920 254 1988 240 SOLID
1991 239 2068 216 SOLID
2067 215 2104 199 SOLID
2103 197 2144 186 SOLID
2143 184 2208 182 SOLID
2208 181 2275 179 SOLID
2275 179 2276 215 SOLID
2370 177 2370 216 SOLID
2369 174 2444 175 SOLID
2442 173 2573 206 SOLID
2573 205 2586 237 SOLID
2585 235 2609 263 SOLID
2610 262 2649 284 SOLID
2650 282 2721 285 SOLID
2721 283 2806 285 SOLID
2802 285 2944 283 SOLID
2943 282 2978 278 SOLID
2978 278 3007 265 SOLID
3007 265 3026 247 SOLID
3026 247 3040 217 SOLID
3040 217 3045 182 SOLID
3045 180 3044 134 SOLID
3044 132 3082 130 SOLID
3082 128 3137 128 SOLID
2275 213 2143 216 SOLID
2369 215 2446 219 SOLID
230 241 368 243 SOLID
368 243 366 212 SOLID
366 212 226 208 SOLID
226 208 230 239 SOLID
592 359 711 485 SOLID
710 485 734 530 SOLID
733 529 748 583 SOLID
747 582 750 617 SOLID
749 616 835 616 SOLID
833 615 903 635 SOLID
903 635 965 680 SOLID
965 680 1006 744 SOLID
1006 744 1016 784 SOLID
1168 770 1224 770 SOLID
1079 1060 1020 1061 SOLID
983 1110 920 1109 SOLID
829 1095 776 1091 SOLID
724 1064 682 1060 SOLID
647 1020 615 1007 SOLID
581 990 558 989 SOLID
624 1004 649 1008 SOLID
748 904 711 853 SOLID
709 851 690 802 SOLID
540 944 514 943 SOLID
548 899 570 899 SOLID
580 862 590 861 SOLID
588 860 600 859 SOLID
690 801 684 748 SOLID
684 748 683 694 SOLID
578 851 609 851 SOLID
681 691 689 660 SOLID
689 658 706 645 SOLID
864 863 914 864 SOLID
869 832 825 828 SOLID
828 801 804 798 SOLID
881 782 914 783 SOLID
794 716 827 719 SOLID
748 681 782 681 SOLID
559 816 478 810 SOLID
782 679 817 679 SOLID
2318 244 2241 309 SOLID
2317 241 2403 321 SOLID
2240 306 2191 334 SOLID
2191 331 2134 341 SOLID
2134 341 2064 338 SOLID
2142 215 2016 263 SOLID
2016 263 1930 283 SOLID
1930 283 1864 283 SOLID
2063 338 1966 344 SOLID
1966 344 1885 372 SOLID
1883 371 1762 416 SOLID
1761 416 1689 438 SOLID
1688 436 1576 456 SOLID
1575 455 1475 459 SOLID
1474 456 1352 464 SOLID
1350 464 1232 453 SOLID
1232 452 1164 424 SOLID
1078 422 1018 468 SOLID
1272 822 1323 823 SOLID
1016 467 974 484 SOLID
974 484 941 491 SOLID
940 488 937 465 SOLID
937 465 970 455 SOLID
970 455 1009 439 SOLID
1009 439 1073 408 SOLID
1073 408 1077 421 SOLID
1163 422 1156 409 SOLID
1156 409 1232 432 SOLID
1233 431 1344 446 SOLID
1344 446 1483 441 SOLID
1484 440 1598 432 SOLID
1598 432 1688 419 SOLID
0 299 -1 286 SOLID
-1 286 -50 284 SOLID
-50 282 -52 264 SOLID
-52 264 -130 261 SOLID
-121 234 -119 221 SOLID
-119 221 -166 218 SOLID
-121 233 -176 230 SOLID
-128 260 -218 253 SOLID
-219 252 -312 250 SOLID
-177 228 -207 232 SOLID
-206 231 -238 239 SOLID
-239 237 -270 250 SOLID
-166 217 -205 214 SOLID
-204 214 -236 219 SOLID
-236 219 -263 230 SOLID
-263 230 -285 248 SOLID
-199 190 -184 191 SOLID
-198 190 -226 188 SOLID
-248 188 -256 187 SOLID
-280 186 -285 185 SOLID
-183 190 -184 194 SOLID
-184 194 -226 193 SOLID
-226 193 -225 186 SOLID
-247 188 -248 191 SOLID
-248 191 -254 191 SOLID
-254 191 -256 186 SOLID
-280 184 -279 190 SOLID
-279 190 -286 190 SOLID
-286 190 -285 185 SOLID
-312 249 -369 247 SOLID
-326 232 -327 227 SOLID
-323 221 -323 217 SOLID
-322 218 -322 210 SOLID
-322 228 -323 222 SOLID
-296 222 -296 225 SOLID
-296 227 -295 220 SOLID
-295 222 -296 212 SOLID
-367 245 -434 242 SOLID
-346 194 -496 188 SOLID
-433 241 -589 217 SOLID
-501 187 -612 178 SOLID
-587 216 -688 200 SOLID
-608 176 -709 164 SOLID
-711 161 -835 160 SOLID
-686 199 -801 180 SOLID
3136 127 3166 128 SOLID
3166 128 3208 142 SOLID
3208 142 3244 165 SOLID
3244 165 3320 215 SOLID
3320 215 3345 230 SOLID
3354 235 3475 302 SOLID
3350 233 3362 239 SOLID
3339 226 3354 235 SOLID
3473 300 3576 353 SOLID
3573 352 3702 411 SOLID
3701 410 3843 474 SOLID
3841 472 4020 545 SOLID
3841 469 3827 466 SOLID
4018 545 4197 607 SOLID
4197 606 4262 618 SOLID
4261 617 4417 637 SOLID
4415 636 4549 650 SOLID
4547 648 4636 654 SOLID
4636 654 4689 647 SOLID
4687 647 4753 626 SOLID
4753 624 4815 589 SOLID
504 1007 354 1038 SOLID
502 1007 518 1028 SOLID
518 1028 361 1070 SOLID
361 1070 355 1037 SOLID
314 1043 328 1079 SOLID
327 1079 248 1129 SOLID
313 1041 229 1077 SOLID
229 1077 248 1128 SOLID
-892 158 -1024 157 SOLID
-1024 157 -1027 115 SOLID
-1030 114 -1085 111 SOLID
-1085 111 -1086 157 SOLID
-1086 157 -1218 153 SOLID
-1218 152 -1342 152 SOLID
-1342 150 -1346 113 SOLID
-1346 113 -1395 111 SOLID
-1395 111 -1393 149 SOLID
-1393 149 -1444 147 SOLID
-1445 144 -1445 193 SOLID
-1445 193 -1333 197 SOLID
-1500 93 -1496 286 SOLID
-1496 252 -1260 255 SOLID
-1259 253 -1062 254 SOLID
-1335 194 -1063 193 SOLID
-1065 192 -895 197 SOLID
-1060 253 -901 251 SOLID
-892 156 -889 197 SOLID
-889 197 -895 196 SOLID
-902 166 -944 168 SOLID
-944 168 -940 161 SOLID
-943 169 -936 173 SOLID
-1137 181 -1086 182 SOLID
-1086 182 -1098 175 SOLID
-1086 180 -1095 186 SOLID
-1166 172 -1053 175 SOLID
-982 178 -898 173 SOLID
-902 249 -889 248 SOLID
-889 248 -886 286 SOLID
-886 286 -994 288 SOLID
-1043 273 -911 268 SOLID
-911 268 -932 260 SOLID
-910 266 -931 278 SOLID
-837 159 -835 180 SOLID
-835 180 -796 180 SOLID
-836 250 -751 250 SOLID
-751 250 -754 294 SOLID
-754 294 -831 294 SOLID
-831 294 -834 248 SOLID
-834 293 -841 357 SOLID
-841 357 -884 403 SOLID
-884 403 -930 413 SOLID
-930 413 -964 413 SOLID
-821 254 -822 281 SOLID
-822 281 -829 275 SOLID
-821 281 -814 273 SOLID
290 163 332 163 SOLID
289 161 289 159 SOLID
291 158 331 157 SOLID
332 157 331 162 SOLID
259 129 259 133 SOLID
259 133 221 133 SOLID
221 133 220 127 SOLID
220 126 258 126 SOLID
282 75 325 76 SOLID
325 76 324 65 SOLID
323 65 282 63 SOLID
282 63 282 71 SOLID
281 69 282 74 SOLID
-834 292 -831 292 SOLID
-963 412 -1115 407 SOLID
-1115 407 -1217 406 SOLID
-993 286 -1425 285 SOLID
-1426 287 -1496 287 SOLID
-1218 406 -1218 365 SOLID
-1218 365 -1286 365 SOLID
-1286 365 -1286 455 SOLID
-1286 455 -1453 456 SOLID
-1452 457 -1621 457 SOLID
-1621 456 -1823 456 SOLID
-1823 455 -1823 608 SOLID
-1928 498 -1928 624 SOLID
-1928 498 -2123 498 SOLID
-2123 498 -2123 660 SOLID
-2219 464 -2219 645 SOLID
-2219 463 -2450 463 SOLID
-2451 462 -2451 618 SOLID
-2452 617 -2219 645 SOLID
-2487 701 -2230 745 SOLID
-2230 745 -2078 777 SOLID
-2078 777 -1880 792 SOLID
-1880 792 -1667 785 SOLID
-2122 659 -1929 624 SOLID
-1823 609 -1473 580 SOLID
-1667 784 -1432 763 SOLID
-2587 460 -2587 605 SOLID
-2587 459 -2777 459 SOLID
-2777 459 -2776 580 SOLID
-2776 580 -2587 604 SOLID
-2487 702 -2780 654 SOLID
-2985 456 -2986 589 SOLID
-2985 454 -3167 453 SOLID
-3168 451 -3168 632 SOLID
-3168 632 -2986 589 SOLID
-2780 652 -2962 647 SOLID
-2962 647 -3164 738 SOLID
-3255 452 -3252 601 SOLID
-3434 586 -3419 616 SOLID
-3419 616 -3397 642 SOLID
-3397 642 -3367 665 SOLID
-3367 665 -3329 681 SOLID
-3329 681 -3294 687 SOLID
-3294 687 -3256 689 SOLID
-3256 689 -3226 683 SOLID
-3226 682 -3227 630 SOLID
-3227 630 -3252 627 SOLID
-3252 627 -3252 597 SOLID
-3164 738 -3267 783 SOLID
-3267 783 -3267 863 SOLID
-1473 579 -1288 547 SOLID
-1288 546 -1003 546 SOLID
-809 293 -808 544 SOLID
-808 544 -1004 545 SOLID
-1432 762 -1244 727 SOLID
-1245 725 -1040 722 SOLID
-1500 92 -1586 92 SOLID
-1587 91 -1586 287 SOLID
-1586 287 -1494 286 SOLID
-1667 90 -1667 141 SOLID
-1668 89 -1828 89 SOLID
-1828 89 -1877 59 SOLID
-1877 59 -1941 -16 SOLID
-1941 -16 -1981 -107 SOLID
-1667 140 -1885 135 SOLID
-1885 135 -1953 62 SOLID
-1953 62 -1998 -14 SOLID
-1998 -13 -2023 -94 SOLID
-2023 -94 -2025 -136 SOLID
-1980 -107 -1998 -194 SOLID
-1040 721 -677 720 SOLID
-906 666 -815 666 SOLID
-815 666 -815 651 SOLID
-815 651 -908 650 SOLID
-908 650 -906 665 SOLID
-700 593 -700 606 SOLID
-766 604 -767 588 SOLID
-767 588 -700 592 SOLID
-700 605 -765 605 SOLID
-678 545 -606 554 SOLID
-678 544 -679 532 SOLID
-679 532 -581 548 SOLID
-581 548 -524 585 SOLID
-606 554 -561 576 SOLID
-561 576 -527 607 SOLID
-527 607 -509 646 SOLID
-526 582 -495 624 SOLID
-495 624 -469 692 SOLID
-509 644 -482 717 SOLID
-482 717 -461 771 SOLID
-469 690 -435 770 SOLID
-462 768 -402 876 SOLID
-435 766 -372 881 SOLID
-373 879 -266 1015 SOLID
-403 874 -353 944 SOLID
-353 944 -273 1036 SOLID
-273 1036 -184 1109 SOLID
-267 1013 -164 1099 SOLID
-164 1097 -31 1193 SOLID
-185 1108 -19 1219 SOLID
-33 1189 97 1263 SOLID
-20 1217 128 1300 SOLID
95 1261 236 1332 SOLID
127 1298 276 1370 SOLID
235 1332 348 1385 SOLID
275 1370 423 1429 SOLID
346 1384 459 1429 SOLID
421 1429 507 1456 SOLID
457 1427 532 1452 SOLID
531 1452 580 1462 SOLID
577 1461 706 1486 SOLID
503 1454 597 1481 SOLID
597 1481 720 1503 SOLID
704 1485 806 1495 SOLID
716 1501 843 1514 SOLID
804 1494 881 1495 SOLID
881 1495 985 1481 SOLID
985 1481 1066 1456 SOLID
1065 1456 1121 1424 SOLID
1121 1423 1171 1369 SOLID
1171 1369 1207 1281 SOLID
1206 1281 1221 1206 SOLID
1221 1206 1252 1207 SOLID
1250 1207 1303 1208 SOLID
1252 996 1252 1013 SOLID
1252 995 1364 995 SOLID
1251 1012 1369 1013 SOLID
1369 1013 1369 995 SOLID
1355 994 1378 993 SOLID
1301 1208 1431 1209 SOLID
839 1514 997 1509 SOLID
997 1509 1150 1449 SOLID
1150 1449 1226 1333 SOLID
1226 1333 1366 1262 SOLID
1366 1262 1435 1245 SOLID
1434 1244 1431 1209 SOLID
1382 929 1384 946 SOLID
1384 946 1453 938 SOLID
1453 938 1448 913 SOLID
1448 913 1381 928 SOLID
1434 878 1494 876 SOLID
1494 876 1493 856 SOLID
1493 856 1433 855 SOLID
1433 855 1433 878 SOLID
1322 822 1324 841 SOLID
1324 841 1272 839 SOLID
1272 839 1273 821 SOLID
1167 768 1167 757 SOLID
1167 757 1225 756 SOLID
1225 756 1224 768 SOLID
1121 714 1172 712 SOLID
1172 712 1172 724 SOLID
1172 724 1126 724 SOLID
1124 724 1120 714 SOLID
1061 646 1106 646 SOLID
1106 646 1105 661 SOLID
1105 661 1062 661 SOLID
1062 661 1060 646 SOLID
1228 608 1228 588 SOLID
950 575 1035 575 SOLID
1035 575 1035 599 SOLID
948 575 950 592 SOLID
950 592 1035 600 SOLID
904 545 905 560 SOLID
905 560 850 543 SOLID
850 543 905 545 SOLID
1015 782 1015 821 SOLID
1015 821 991 871 SOLID
991 871 940 911 SOLID
939 911 868 927 SOLID
868 927 800 926 SOLID
800 926 747 904 SOLID
1137 586 1138 606 SOLID
1138 606 1229 608 SOLID
1228 586 1138 585 SOLID
-3256 449 -3353 449 SOLID
-3353 448 -3375 454 SOLID
-3375 454 -3405 473 SOLID
-3405 473 -3428 503 SOLID
-3428 503 -3439 540 SOLID
-3439 540 -3437 574 SOLID
-3438 571 -3434 587 SOLID
-9 208 123 208 JUMPTHROUGH
-8 160 112 160 JUMPTHROUGH
109 114 -18 114 JUMPTHROUGH
-20 57 114 58 JUMPTHROUGH
102 20 -27 20 JUMPTHROUGH
-677 719 -620 742 SOLID
-620 742 -574 795 SOLID
-575 794 -544 847 SOLID
-544 845 -542 910 SOLID
-543 907 -574 949 SOLID
-574 947 -644 982 SOLID
-644 981 -735 989 SOLID
-735 988 -853 990 SOLID
-800 1072 -986 1069 SOLID
-850 989 -948 991 SOLID
-948 991 -1048 991 SOLID
-1047 990 -1306 987 SOLID
-1306 987 -1411 985 SOLID
-1409 984 -1551 969 SOLID
-1551 969 -1681 929 SOLID
-1681 928 -1839 875 SOLID
-1839 875 -1979 844 SOLID
-1978 843 -2226 799 SOLID
-2226 799 -2386 771 SOLID
-2384 770 -2536 746 SOLID
-2533 745 -2786 702 SOLID
-2784 701 -2873 698 SOLID
-2873 698 -2966 712 SOLID
-2966 712 -3056 751 SOLID
-3056 751 -3132 810 SOLID
-3132 810 -3156 875 SOLID
-3156 873 -3184 951 SOLID
-3184 951 -3192 1012 SOLID
-3192 1012 -3183 1071 SOLID
-2910 1167 -2795 1168 SOLID
-3267 861 -3267 1126 SOLID
-3267 1125 -3148 1244 SOLID
-3147 1243 -2786 1243 SOLID
-2786 1243 -2795 1167 SOLID
-595 1054 -352 1054 SOLID
-352 1054 -353 1120 SOLID
-353 1120 -594 1115 SOLID
-594 1115 -595 1055 SOLID
-800 1070 -797 1141 SOLID
-797 1141 -986 1138 SOLID
-986 1138 -986 1069 SOLID
-1111 1101 -1152 1235 SOLID
-1152 1235 -1095 1246 SOLID
-1095 1246 -1067 1114 SOLID
-1067 1114 -1110 1100 SOLID
-1356 1099 -1282 1071 SOLID
-1282 1071 -1239 1171 SOLID
-1239 1171 -1309 1195 SOLID
-1309 1195 -1356 1098 SOLID
-1620 1051 -1557 1081 SOLID
-1557 1081 -1627 1181 SOLID
-1627 1181 -1689 1147 SOLID
-1689 1147 -1620 1051 SOLID
-1925 984 -1857 1009 SOLID
-1857 1009 -1888 1083 SOLID
-1888 1083 -1956 1064 SOLID
-1956 1064 -1925 984 SOLID
-2237 905 -2024 931 SOLID
-2024 931 -2046 1021 SOLID
-2046 1021 -2234 994 SOLID
-2234 994 -2236 905 SOLID
-2428 880 -2580 973 SOLID
-2580 973 -2516 1031 SOLID
-2516 1031 -2386 928 SOLID
-2386 928 -2427 880 SOLID
-2913 856 -2817 953 SOLID
-2817 953 -2755 911 SOLID
-2755 911 -2865 823 SOLID
-2865 823 -2913 856 SOLID
-2682 936 -2684 851 SOLID
-2684 851 -2593 844 SOLID
-2593 844 -2586 934 SOLID
-2586 934 -2682 936 SOLID
-3184 1070 -3144 1127 SOLID
-3144 1127 -3087 1163 SOLID
-3087 1163 -3015 1176 SOLID
-3015 1174 -2910 1167 SOLID
4814 587 4816 652 SOLID
4816 652 4673 722 SOLID
1679 266 1679 297 SOLID
1702 266 1702 300 SOLID
1718 258 1718 298 SOLID
1744 257 1744 294 SOLID
1766 258 1766 296 SOLID
5013 557 5352 557 SOLID
1169 216 1063 216 JUMPTHROUGH
1163 211 1228 230 JUMPTHROUGH
3255 65 3355 65 SOLID
3355 65 3423 51 SOLID
3425 51 3487 30 SOLID
3487 30 3547 27 SOLID
3677 27 3736 22 SOLID
3733 19 3804 19 SOLID
3804 19 3874 32 SOLID
3874 32 3874 57 SOLID
3874 57 3885 92 SOLID
3885 92 3914 116 SOLID
3914 116 3971 127 SOLID
3971 127 4033 119 SOLID
4033 119 4096 97 SOLID
4096 97 4144 73 SOLID
4144 73 4201 57 SOLID
4201 57 4301 54 SOLID
4298 46 4298 170 SOLID
4298 170 3687 168 SOLID
3687 168 3677 27 SOLID
3252 59 3260 97 SOLID
3260 97 3550 95 SOLID
3550 95 3547 27 SOLID
4366 92 4418 92 SOLID
4365 92 4365 169 SOLID
4417 91 4420 172 SOLID
4454 3 4543 3 SOLID
4453 1 4454 30 SOLID
4454 30 4725 55 SOLID
4540 3 4761 8 SOLID
4761 8 4917 41 SOLID
4914 40 5203 112 SOLID
5199 107 5344 146 SOLID
5344 146 5434 162 SOLID
5434 162 5521 165 SOLID
5521 165 5615 149 SOLID
5615 149 5666 107 SOLID
5666 107 5708 43 SOLID
5708 43 5721 -21 SOLID
5721 -21 5721 -98 SOLID
5724 -98 5783 -98 SOLID
5783 -98 6183 149 SOLID
6183 149 6512 149 SOLID
6512 149 6737 246 SOLID
6734 243 7012 356 SOLID
7005 349 7189 369 SOLID
7189 369 7518 323 SOLID
7444 -59 7437 -253 SOLID
6415 -88 6566 -176 SOLID
6618 -288 6518 -453 SOLID
6460 -521 6247 -576 SOLID
6315 -408 6299 -227 SOLID
6383 -211 6441 -163 SOLID
8363 343 8489 346 SOLID
8679 352 9002 352 SOLID
4481 250 4481 147 SOLID
4481 147 4549 147 SOLID
4549 147 4550 253 SOLID
4611 147 4680 150 SOLID
4680 150 4686 262 SOLID
4611 146 4619 271 SOLID
4726 55 4789 60 SOLID
4789 60 4792 283 SOLID
8484 343 8618 343 SOLID
8679 345 8813 343 SOLID
8813 343 8898 323 SOLID
8903 318 8943 299 SOLID
8892 323 8908 314 SOLID
8942 296 8999 313 SOLID
8999 313 9077 348 SOLID
9077 348 9123 355 SOLID
9123 355 9172 352 SOLID
9172 352 9192 323 SOLID
9194 321 9228 284 SOLID
9228 284 9235 245 SOLID
9231 242 9303 242 SOLID
9298 238 9355 238 SOLID
9355 238 9355 394 SOLID
9416 165 9509 165 SOLID
9413 162 9413 387 SOLID
9508 162 9792 313 SOLID
9791 309 9909 311 SOLID
9911 308 10162 306 JUMPTHROUGH
10164 299 10162 543 SOLID
10158 537 10119 611 SOLID
10119 611 10051 655 SOLID
10051 655 9932 681 SOLID
9932 681 9766 689 SOLID
9766 689 9601 702 SOLID
8675 339 8671 544 SOLID
8671 544 9353 544 SOLID
9353 544 9358 239 SOLID
9908 307 9910 437 SOLID
9910 437 9416 463 SOLID
9416 463 9416 383 SOLID
9605 701 9499 710 SOLID
9499 710 9499 675 SOLID
9494 675 9379 681 SOLID
9379 681 9233 662 SOLID
9233 662 9014 660 SOLID
9012 655 8438 651 SOLID
8433 649 8431 983 SOLID
8433 647 7614 644 JUMPTHROUGH
7614 644 7601 970 SOLID
7612 642 7086 633 SOLID
7086 633 7072 710 SOLID
7072 710 7018 777 SOLID
7018 777 6944 812 SOLID
6944 812 6879 814 SOLID
6879 814 6820 781 SOLID
6820 781 6540 638 SOLID
6540 638 6396 555 SOLID
6396 555 6264 638 SOLID
6264 638 6109 688 SOLID
6109 688 5977 616 SOLID
5977 616 5807 540 SOLID
5807 540 5629 562 SOLID
5629 562 5351 555 SOLID
5014 553 5012 670 SOLID
5012 670 5572 677 SOLID
5570 675 6499 833 SOLID
6499 831 7601 973 SOLID
4683 255 4686 377 SOLID
4686 377 4616 375 SOLID
4616 375 4620 270 SOLID
4549 247 4555 370 SOLID
4555 370 4479 368 SOLID
4479 368 4481 251 SOLID
4418 168 4431 357 SOLID
4431 357 4359 357 SOLID
4359 357 4364 166 SOLID
4794 275 4786 375 SOLID
4786 375 4968 366 SOLID
4968 366 4981 177 SOLID
4981 177 5468 264 SOLID
5468 264 5790 244 SOLID
5790 244 6040 257 SOLID
6038 255 6512 277 SOLID
6512 277 7012 436 SOLID
7007 438 7509 423 SOLID
7509 423 7520 323 SOLID
7518 318 7605 307 JUMPTHROUGH
7605 307 7705 257 JUMPTHROUGH
7705 257 7770 212 JUMPTHROUGH
7770 212 7875 151 JUMPTHROUGH
7875 151 7966 153 JUMPTHROUGH
7966 153 8055 197 JUMPTHROUGH
8055 197 8129 253 JUMPTHROUGH
8129 253 8192 294 JUMPTHROUGH
8192 294 8281 327 JUMPTHROUGH
8281 327 8359 344 JUMPTHROUGH
8359 344 8359 427 SOLID
8359 427 8622 425 SOLID
8622 425 8618 344 SOLID
2444 216 2614 294 SOLID
2614 294 2731 353 SOLID
2731 353 3214 355 SOLID
3214 355 3533 468 SOLID
3536 468 4542 718 SOLID
4542 718 4672 723 SOLID
10751 356 10621 356 SOLID
10817 355 10763 355 JUMPTHROUGH
10763 355 10747 356 SOLID
10767 237 10778 195 SOLID
10801 151 10778 194 SOLID
10800 151 10868 108 SOLID
10868 109 10923 109 SOLID
10923 109 10978 130 SOLID
11014 171 11028 222 SOLID
11020 270 11001 304 SOLID
11000 303 10974 332 SOLID
10974 333 10936 346 SOLID
10934 346 10817 355 SOLID
10750 236 10750 100 SOLID
10750 100 11053 99 SOLID
11053 99 11054 357 SOLID
11054 357 10969 357 SOLID
10750 235 10750 355 JUMPTHROUGH
10750 355 10750 410 SOLID
10903 522 10975 529 SOLID
10835 495 10902 522 SOLID
10834 495 10803 468 SOLID
10803 469 10767 403 SOLID
8247 139 8359 139 SOLID
8245 138 8245 156 SOLID
8245 156 8359 156 SOLID
8359 156 8359 140 SOLID
8475 135 8475 154 SOLID
8475 154 8706 154 SOLID
8706 154 8706 132 SOLID
8706 132 8475 134 SOLID
8814 131 8814 154 SOLID
8814 130 9139 90 SOLID
8814 154 9144 107 SOLID
9391 28 9398 13 SOLID
9397 12 9189 -111 SOLID
9190 -110 9080 -172 SOLID
9137 88 9192 51 SOLID
9192 51 9206 -1 SOLID
9206 -1 9184 -57 SOLID
9184 -57 9112 -104 SOLID
9112 -104 9025 -109 SOLID
9032 -36 8868 -34 SOLID
8868 -19 9029 -22 SOLID
9029 -22 9032 -36 SOLID
8805 -40 8695 -41 SOLID
8804 -16 8622 -26 SOLID
8622 -26 8600 -96 SOLID
8600 -96 8601 -195 SOLID
8601 -195 8663 -238 SOLID
8750 -169 8757 -111 SOLID
8694 -39 8647 -82 SOLID
8647 -82 8631 -145 SOLID
8631 -145 8657 -214 SOLID
8656 -214 8706 -241 SOLID
8706 -241 8789 -241 SOLID
8662 -237 8712 -262 SOLID
9247 35 9251 5 SOLID
9251 5 9239 -36 SOLID
9239 -36 9343 10 SOLID
8749 -169 8827 -172 SOLID
8827 -172 8925 -236 SOLID
9079 -172 8960 -239 SOLID
8960 -239 8924 -236 SOLID
8868 -34 8806 -40 SOLID
8803 -16 8868 -19 SOLID
9757 114 9758 137 SOLID
9024 -110 9032 -141 SOLID
9032 -141 8780 -139 SOLID
8780 -139 8781 -111 SOLID
8781 -111 8758 -111 SOLID
9698 114 9701 139 SOLID
9701 139 9758 137 SOLID
9756 111 9698 114 SOLID
9246 36 9144 107 SOLID
9391 29 9341 10 SOLID
11019 270 11028 221 SOLID
10620 355 10219 305 SOLID
10219 305 10164 300 SOLID
11013 170 10977 129 SOLID
10973 529 11190 584 SOLID
11186 585 11402 668 SOLID
11402 668 11333 711 SOLID
11333 711 10912 579 SOLID
10912 579 10741 473 SOLID
10741 473 10749 405 SOLID
10968 359 10817 377 SOLID
10816 354 10818 377 SOLID
10818 377 10757 377 JUMPTHROUGH
10767 404 10767 356 SOLID
10767 355 10767 237 JUMPTHROUGH
10748 378 10544 383 SOLID
10544 383 10450 362 SOLID
11848 526 10948 1162 SOLID
10948 1162 10648 1262 SOLID
10648 1262 10294 1317 SOLID
10294 1317 8339 1417 SOLID
8430 972 8739 962 SOLID
8786 -241 8785 -266 SOLID
8785 -263 8709 -262 SOLID
9534 -13 9534 17 SOLID
9533 -13 9667 -13 SOLID
9534 16 9665 15 SOLID
9665 15 9667 -15 SOLID
9830 -19 10101 -20 SOLID
10101 -20 10076 5 SOLID
10076 5 9847 8 SOLID
9847 8 9829 -19 SOLID
10136 -15 10117 12 SOLID
10135 -15 10504 -63 SOLID
10504 -63 10490 -25 SOLID
10490 -25 10115 12 SOLID
11186 117 11406 230 SOLID
11406 230 11371 271 SOLID
11371 271 11096 123 SOLID
11096 123 11110 80 SOLID
11110 80 11189 117 SOLID
11405 229 11842 245 SOLID
11842 245 11838 305 SOLID
11838 305 11371 271 SOLID
11846 524 11989 338 SOLID
11989 338 12131 338 SOLID
12131 338 12136 36 SOLID
12136 36 12256 38 SOLID
12256 38 12243 550 SOLID
8108 1336 8314 1336 JUMPTHROUGH
8171 1276 7978 1276 JUMPTHROUGH
7978 1276 7978 1215 SOLID
7978 1215 7826 1215 SOLID
7826 1215 7823 1274 SOLID
7824 1272 7980 1276 SOLID
7821 1133 7639 1085 SOLID
7639 1085 7630 1126 SOLID
7630 1126 7799 1165 SOLID
7799 1165 7819 1129 SOLID
7778 1036 7949 969 SOLID
7949 969 7958 1006 SOLID
7958 1006 7790 1061 SOLID
7790 1061 7776 1035 SOLID
7989 919 8090 908 SOLID
8101 906 8105 958 SOLID
8105 958 7999 965 SOLID
7999 965 7990 919 SOLID
8126 858 8253 803 SOLID
8253 803 8290 869 SOLID
8290 869 8149 895 SOLID
8149 895 8123 856 SOLID
8087 910 8099 901 SOLID
8096 781 7951 753 SOLID
7951 753 7962 790 SOLID
7962 790 8101 813 SOLID
8101 813 8092 781 SOLID
7898 724 7801 683 SOLID
7801 683 7789 719 SOLID
7789 719 7898 765 SOLID
7898 765 7896 720 SOLID
7351 1446 6478 1430 SOLID
6478 1430 5572 1288 SOLID
5567 1288 4972 1151 SOLID
4972 1151 4446 1014 SOLID
4446 1014 3888 909 SOLID
3889 912 3601 848 SOLID
3601 848 3297 756 SOLID
3297 756 2861 624 SOLID
2861 624 2617 492 SOLID
2613 488 2393 312 SOLID
8341 1420 7997 1428 SOLID
7997 1428 7737 1436 SOLID
7737 1436 7469 1448 SOLID
7469 1448 7469 1520 SOLID
7469 1520 7657 1504 SOLID
7349 1444 7357 1524 SOLID
7357 1524 7089 1540 SOLID
-2751 1458 -2698 1334 SOLID
-2698 1334 -2606 1224 SOLID
-2606 1224 -2451 1155 SOLID
-2451 1155 -2270 1148 SOLID
-2270 1148 -2133 1203 SOLID
-2133 1203 -1993 1334 SOLID
-1993 1334 -1922 1482 SOLID
-1922 1482 -1917 1682 SOLID
-1917 1682 -1812 1861 SOLID
-1325 1816 -1141 1753 SOLID
-1141 1753 -951 1761 SOLID
-951 1761 -788 1826 SOLID
-788 1826 -662 1963 SOLID
-662 1963 -556 2087 SOLID
-556 2087 -396 2129 SOLID
-396 2129 -283 2129 SOLID
-283 2129 -114 2092 SOLID
-114 2092 -6 2021 SOLID
-6 2021 101 1898 SOLID
101 1898 177 1800 SOLID
-1329 1814 -1446 1931 SOLID
-1446 1931 -1623 1985 SOLID
-1626 1985 -1812 1861 SOLID
